/*
	int level7[][21]=	{
			1,1,1,1,1,1,1,1,1,1,1,1,1,1,1,1,1,1,1,1,1,
			1,1,1,1,1,1,1,1,1,1,1,1,1,1,1,1,1,1,1,1,1,
			1,1,1,1,1,1,1,1,1,1,1,1,1,1,1,1,1,1,1,1,1,
			1,1,1,1,1,1,1,1,1,1,1,1,1,1,1,1,1,1,1,1,1,
			1,1,1,1,1,1,1,1,1,1,1,1,1,1,1,1,1,1,1,1,1,
			1,1,1,1,1,1,1,1,1,1,1,1,1,1,1,1,1,1,1,1,1,
			1,1,1,1,1,1,1,1,1,1,1,1,1,1,1,1,1,1,1,1,1,
			1,1,1,1,1,1,1,1,1,1,1,1,1,1,1,1,1,1,1,1,1,
			1,1,1,1,1,1,1,1,1,1,1,1,1,1,1,1,1,1,1,1,1,
			1,1,1,1,1,1,1,1,1,1,1,1,1,1,1,1,1,1,1,1,1,
			1,1,1,1,1,1,1,1,1,1,1,1,1,1,1,1,1,1,1,1,1,
			1,1,1,1,1,1,1,1,1,1,1,1,1,1,1,1,1,1,1,1,1,
			1,1,1,1,1,1,1,1,1,1,1,1,1,1,1,1,1,1,1,1,1,
			1,1,1,1,1,1,1,1,1,1,1,1,1,1,1,1,1,1,1,1,1,
			1,1,1,1,1,1,1,1,1,1,1,1,1,1,1,1,1,1,1,1,1
			};
	total++;
	checklevel(a1,a2,level5);
	l.storedata(total,a1,a2,level5);
	ofile.write((char*)&l,sizeof(l));
*/